2 7 34 47 0 0 1 0 0 0 0 1 0 0 1 1 1 1 1 1 1 1 1 1 0 0 1 0 0 0 0 1 0 0 0 1 1 1 1 0 1 1 1 0 0 0 1 1 1 1 1 1 0 0 0 0 0 0 1 1 1 1 1 1 0 0 0 1 1 1 0 1 0 0 0 0 0 0 0 0 1 1 1 0 0 0 0 0 0 0 0 0 0 0 0 0 0 0 0 0 0 0 0 0
2 7 34 62 0 0 1 0 0 0 0 1 0 0 1 1 1 1 1 1 1 1 1 1 0 0 1 0 0 0 0 1 0 0 0 1 1 1 1 0 1 1 1 0 0 0 1 1 1 1 1 0 0 0 0 0 0 0 1 0 0 0 0 0 0 0 1 1 1 1 0 0 0 0 1 1 1 1 1 0 0 0 0 0 0 0 1 0 0 0 0 0 0 0 0 1 1 1 0 0 0 0 0 0
2 7 34 66 0 0 1 0 0 0 0 1 0 0 1 1 1 1 1 1 1 1 1 1 0 0 1 0 0 0 0 1 0 0 0 1 1 1 1 0 1 1 1 0 0 0 1 1 1 1 1 0 0 0 0 0 0 0 1 0 0 0 0 0 0 0 0 1 1 1 1 0 0 0 0 0 0 0 1 1 1 1 1 0 0 0 0 0 0 0 1 0 0 0 0 0 0 0 0 1 1 1 0 0
2 7 34 66 0 0 1 0 0 0 0 1 0 0 1 1 1 1 1 1 1 1 1 1 0 0 1 0 0 0 0 1 0 0 0 1 1 1 1 0 1 1 1 0 0 0 1 1 1 1 1 1 0 0 0 0 0 0 1 0 0 1 0 1 0 0 0 1 1 1 1 1 1 1 0 0 0 0 0 0 0 1 0 1 0 0 0 0 0 0 0 1 0 0 0 0 0 0 0 0 0 0 0 0
2 7 34 67 0 0 1 0 0 0 0 1 0 0 1 1 1 1 1 1 1 1 1 1 0 0 1 0 0 0 0 1 0 0 0 1 1 1 1 0 1 1 1 0 0 0 1 1 1 1 1 0 0 0 0 0 0 0 1 0 0 0 0 0 0 0 0 1 1 1 0 1 0 0 0 0 0 0 0 1 1 1 1 1 0 0 0 0 0 0 0 1 0 0 0 0 0 0 0 0 1 1 1 0
2 7 34 69 0 0 1 0 0 0 0 1 0 0 1 1 1 1 1 1 1 1 1 1 0 0 1 0 0 0 0 1 0 0 0 1 1 1 1 0 1 1 1 0 0 0 1 1 1 1 1 0 1 0 0 0 0 0 1 0 1 0 1 0 0 0 0 1 1 1 1 1 1 1 0 0 0 0 0 0 1 0 1 0 0 0 0 0 0 0 0 0 1 0 0 0 0 0 0 0 0 0 0 0
2 7 34 73 0 0 1 0 0 0 0 1 0 0 1 1 1 1 1 1 1 1 1 1 0 0 1 0 0 0 0 1 0 0 0 1 1 1 1 0 1 1 1 0 0 0 1 1 1 1 1 0 0 0 0 0 1 0 1 0 0 0 0 0 1 0 1 1 1 1 0 0 0 0 1 1 1 1 0 0 0 0 0 0 1 0 1 0 0 0 0 0 0 0 0 0 1 0 0 0 0 0 0 0
2 7 34 75 0 0 1 0 0 0 0 1 0 0 1 1 1 1 1 1 1 1 1 1 0 0 1 0 0 0 0 1 0 0 0 1 1 1 1 0 1 1 1 0 0 0 1 1 1 1 1 0 0 0 0 0 0 0 1 0 1 0 0 0 0 0 0 1 1 1 1 0 1 0 0 0 0 0 0 1 1 1 1 0 0 0 0 0 0 0 1 0 1 0 0 0 0 0 0 0 1 0 0 0
2 7 34 76 0 0 1 0 0 0 0 1 0 0 1 1 1 1 1 1 1 1 1 1 0 0 1 0 0 0 0 1 0 0 0 1 1 1 1 0 1 1 1 0 0 0 1 1 1 1 1 0 0 0 0 0 0 0 1 0 0 1 0 0 0 0 0 1 1 1 0 1 0 1 0 0 0 0 0 0 1 1 1 1 0 0 0 0 0 0 0 1 0 1 0 0 0 0 0 0 0 1 0 0
2 7 34 79 0 0 1 0 0 0 0 1 0 0 1 1 1 1 1 1 1 1 1 1 0 0 1 0 0 0 0 1 0 0 0 1 1 1 1 0 1 1 1 0 0 0 1 1 1 1 1 0 0 0 0 0 0 0 1 0 0 0 1 0 0 0 0 1 1 1 1 0 1 0 0 0 0 0 0 0 1 1 1 1 0 0 0 0 0 0 1 0 1 0 0 0 0 0 0 0 0 0 1 0
2 7 34 82 0 0 1 0 0 0 0 1 0 0 1 1 1 1 1 1 1 1 1 1 0 0 1 0 0 0 0 1 0 0 0 1 1 1 1 0 1 1 1 0 0 0 1 1 1 1 1 0 0 0 0 1 1 1 1 0 0 0 0 0 0 0 1 1 1 1 0 0 0 0 1 1 1 1 1 0 0 0 0 0 0 0 1 0 0 0 0 0 0 0 0 0 0 0 0 0 0 0 0 0
2 7 34 86 0 0 1 0 0 0 0 1 0 0 1 1 1 1 1 1 1 1 1 1 0 0 1 0 0 0 0 1 0 0 0 1 1 1 1 0 1 1 1 0 0 0 1 1 1 1 1 0 0 0 0 0 0 0 1 1 1 1 0 0 0 0 0 1 1 1 1 0 0 0 0 0 0 0 1 1 1 1 1 0 0 0 0 0 0 0 1 0 0 0 0 0 0 0 0 0 0 0 0 0
2 7 34 87 0 0 1 0 0 0 0 1 0 0 1 1 1 1 1 1 1 1 1 1 0 0 1 0 0 0 0 1 0 0 0 1 1 1 1 0 1 1 1 0 0 0 1 1 1 1 1 0 0 0 0 0 0 0 1 0 1 1 1 0 0 0 0 1 1 1 0 1 0 0 0 0 0 0 0 1 1 1 1 1 0 0 0 0 0 0 0 1 0 0 0 0 0 0 0 0 0 0 0 0
2 7 34 97 0 0 1 0 0 0 0 1 0 0 1 1 1 1 1 1 1 1 1 1 0 0 1 0 0 0 0 1 0 0 0 1 1 1 1 0 1 1 1 0 0 0 1 1 1 1 1 0 0 0 0 0 0 0 1 0 0 0 0 0 0 0 0 1 1 1 1 1 1 0 0 0 0 0 0 0 0 1 0 0 0 0 0 0 0 1 1 1 1 1 0 0 0 0 0 0 0 1 0 0
2 7 35 42 0 0 1 0 0 0 0 1 0 0 1 1 1 1 1 1 1 1 1 1 0 0 1 0 0 0 0 1 0 0 0 1 1 1 0 1 1 1 1 0 0 0 1 1 1 1 1 1 0 0 1 1 1 1 1 1 0 0 0 0 0 0 1 0 1 1 1 0 0 0 0 1 1 1 0 0 0 0 0 0 0 0 0 0 0 0 0 0 0 0 0 0 0 0 0 0 0 0 0 0
2 7 35 60 0 0 1 0 0 0 0 1 0 0 1 1 1 1 1 1 1 1 1 1 0 0 1 0 0 0 0 1 0 0 0 1 1 1 0 1 1 1 1 0 0 1 0 1 1 1 1 1 0 0 0 1 0 1 0 1 0 0 0 0 1 1 1 1 1 1 1 0 0 0 0 1 0 1 0 0 0 0 0 0 0 1 0 0 0 0 0 0 0 0 0 0 0 0 0 0 0 0 0 0
2 7 35 62 0 0 1 0 0 0 0 1 0 0 1 1 1 1 1 1 1 1 1 1 0 0 1 0 0 0 0 1 0 0 0 1 1 1 0 1 1 1 1 0 0 0 0 1 1 1 1 1 0 0 0 0 0 0 0 1 0 0 0 0 0 0 1 0 1 1 1 0 0 0 1 1 1 1 1 0 0 0 0 0 0 0 1 0 0 0 0 0 0 0 0 1 1 1 0 0 0 0 0 0
2 7 35 63 0 0 1 0 0 0 0 1 0 0 1 1 1 1 1 1 1 1 1 1 0 0 1 0 0 0 0 1 0 0 0 1 1 1 0 1 1 1 1 0 0 0 0 1 1 1 1 1 0 0 0 0 0 0 0 1 0 0 0 0 0 0 0 1 1 1 1 0 0 0 0 1 1 1 1 1 0 0 0 0 0 0 0 1 0 0 0 0 0 0 0 0 1 1 1 0 0 0 0 0
2 7 35 63 0 0 1 0 0 0 0 1 0 0 1 1 1 1 1 1 1 1 1 1 0 0 1 0 0 0 0 1 0 0 0 1 1 1 0 1 1 1 1 0 0 0 1 1 1 1 1 1 0 0 1 0 1 0 0 1 0 0 0 0 1 1 1 1 1 1 1 0 0 0 1 0 1 0 0 0 0 0 0 0 0 0 1 0 0 0 0 0 0 0 0 0 0 0 0 0 0 0 0 0
2 7 35 67 0 0 1 0 0 0 0 1 0 0 1 1 1 1 1 1 1 1 1 1 0 0 1 0 0 0 0 1 0 0 0 1 1 1 0 1 1 1 1 0 0 0 0 1 1 1 1 1 0 0 0 0 0 0 0 1 0 0 0 0 0 0 0 0 1 1 1 1 0 0 0 0 0 0 0 1 1 1 1 1 0 0 0 0 0 0 0 1 0 0 0 0 0 0 0 0 1 1 1 0
2 7 35 70 0 0 1 0 0 0 0 1 0 0 1 1 1 1 1 1 1 1 1 1 0 0 1 0 0 0 0 1 0 0 0 1 1 1 0 1 1 1 1 0 0 0 0 1 1 1 1 1 0 0 0 1 0 0 0 1 0 0 0 0 0 1 0 1 1 1 1 0 0 0 1 1 1 1 0 0 0 0 0 0 0 1 0 1 0 0 0 0 0 0 0 1 0 0 0 0 0 0 0 0
2 7 35 73 0 0 1 0 0 0 0 1 0 0 1 1 1 1 1 1 1 1 1 1 0 0 1 0 0 0 0 1 0 0 0 1 1 1 0 1 1 1 1 0 0 0 0 1 1 1 1 1 0 0 0 0 1 0 0 1 0 0 0 0 1 0 1 0 1 1 1 0 0 0 1 1 1 1 0 0 0 0 0 0 1 0 1 0 0 0 0 0 0 0 0 0 1 0 0 0 0 0 0 0
2 7 35 74 0 0 1 0 0 0 0 1 0 0 1 1 1 1 1 1 1 1 1 1 0 0 1 0 0 0 0 1 0 0 0 1 1 1 0 1 1 1 1 0 0 0 0 1 1 1 1 1 0 0 0 0 0 1 0 1 0 0 0 0 0 1 0 1 1 1 1 0 0 0 0 1 1 1 1 0 0 0 0 0 0 1 0 1 0 0 0 0 0 0 0 0 0 1 0 0 0 0 0 0
2 7 35 76 0 0 1 0 0 0 0 1 0 0 1 1 1 1 1 1 1 1 1 1 0 0 1 0 0 0 0 1 0 0 0 1 1 1 0 1 1 1 1 0 0 0 0 1 1 1 1 1 0 0 0 0 0 0 0 1 0 1 0 0 0 0 0 0 1 1 1 1 0 1 0 0 0 0 0 0 1 1 1 1 0 0 0 0 0 0 0 1 0 1 0 0 0 0 0 0 0 1 0 0
2 7 35 82 0 0 1 0 0 0 0 1 0 0 1 1 1 1 1 1 1 1 1 1 0 0 1 0 0 0 0 1 0 0 0 1 1 1 0 1 1 1 1 0 0 0 0 1 1 1 1 1 0 0 0 1 1 1 0 1 0 0 0 0 0 0 1 0 1 1 1 0 0 0 1 1 1 1 1 0 0 0 0 0 0 0 1 0 0 0 0 0 0 0 0 0 0 0 0 0 0 0 0 0
2 7 35 83 0 0 1 0 0 0 0 1 0 0 1 1 1 1 1 1 1 1 1 1 0 0 1 0 0 0 0 1 0 0 0 1 1 1 0 1 1 1 1 0 0 0 0 1 1 1 1 1 0 0 0 0 1 1 1 1 0 0 0 0 0 0 0 1 1 1 1 0 0 0 0 1 1 1 1 1 0 0 0 0 0 0 0 1 0 0 0 0 0 0 0 0 0 0 0 0 0 0 0 0
2 7 35 87 0 0 1 0 0 0 0 1 0 0 1 1 1 1 1 1 1 1 1 1 0 0 1 0 0 0 0 1 0 0 0 1 1 1 0 1 1 1 1 0 0 0 0 1 1 1 1 1 0 0 0 0 0 0 0 1 1 1 1 0 0 0 0 0 1 1 1 1 0 0 0 0 0 0 0 1 1 1 1 1 0 0 0 0 0 0 0 1 0 0 0 0 0 0 0 0 0 0 0 0
2 7 35 92 0 0 1 0 0 0 0 1 0 0 1 1 1 1 1 1 1 1 1 1 0 0 1 0 0 0 0 1 0 0 0 1 1 1 0 1 1 1 1 0 0 0 0 1 1 1 1 1 0 0 0 0 0 0 0 1 0 0 0 0 0 1 1 1 1 1 1 0 0 0 0 0 1 0 0 0 0 0 0 0 1 1 1 1 1 0 0 0 0 0 0 0 1 0 0 0 0 0 0 0
2 7 42 47 0 0 1 0 0 0 0 1 0 0 1 1 1 1 1 1 1 1 1 1 0 0 1 0 0 0 0 1 0 0 0 1 1 1 0 0 1 1 1 0 0 0 1 0 0 0 0 1 0 0 1 1 1 1 1 1 1 1 1 1 0 0 1 0 0 0 0 1 0 0 0 1 1 1 0 0 1 1 1 0 0 0 0 0 0 0 0 0 0 0 0 0 0 0 0 0 0 0 0 0
2 7 42 55 0 0 1 0 0 0 0 1 0 0 1 1 1 1 1 1 1 1 1 1 0 0 1 0 0 0 0 1 0 0 0 1 1 1 0 0 1 1 1 0 0 0 1 0 0 0 0 0 0 0 1 1 1 1 1 1 0 0 0 0 0 0 1 1 1 1 1 1 0 0 0 1 1 1 0 1 0 0 0 0 0 0 0 0 1 1 1 0 0 0 0 0 0 0 0 0 0 0 0 0
2 7 42 55 0 0 1 0 0 0 0 1 0 0 1 1 1 1 1 1 1 1 1 1 0 0 1 0 1 1 1 1 0 0 0 1 1 1 0 1 1 1 1 0 0 0 1 1 1 1 1 1 0 0 1 1 1 1 1 1 0 0 0 0 0 0 1 0 0 0 0 0 0 0 0 1 1 1 0 0 0 0 0 0 0 0 0 0 0 0 0 0 0 0 0 0 0 0 0 0 0 0 0 0
2 7 42 56 0 0 1 0 0 0 0 1 0 0 1 1 1 1 1 1 1 1 1 1 0 0 1 0 0 0 0 1 0 0 0 1 1 1 0 0 1 1 1 0 0 0 1 0 0 0 0 0 0 0 1 1 1 1 1 0 1 0 0 0 0 0 1 0 1 1 1 1 1 0 0 1 1 1 0 0 1 0 0 0 0 0 0 0 0 1 1 1 0 0 0 0 0 0 0 0 0 0 0 0
2 7 42 57 0 0 1 0 0 0 0 1 0 0 1 1 1 1 1 1 1 1 1 1 0 0 1 0 0 0 0 1 0 0 0 1 1 1 0 0 1 1 1 0 0 0 1 0 0 0 0 0 0 0 1 1 1 1 1 0 0 1 0 0 0 0 1 0 0 1 1 1 1 1 0 1 1 1 0 0 0 1 0 0 0 0 0 0 0 0 1 1 1 0 0 0 0 0 0 0 0 0 0 0
2 7 42 64 0 0 1 0 0 0 0 1 0 0 1 1 1 1 1 1 1 1 1 1 0 0 1 0 0 0 0 1 0 0 0 1 1 1 0 0 1 1 1 0 0 0 1 0 0 1 0 0 0 0 1 1 1 1 1 1 0 1 0 0 0 0 1 0 1 1 1 1 0 0 0 1 1 1 0 1 0 1 0 0 0 0 0 0 0 1 0 0 0 0 0 0 0 0 0 0 0 0 0 0
2 7 42 65 0 0 1 0 0 0 0 1 0 0 1 1 1 1 1 1 1 1 1 1 0 0 1 0 0 0 0 1 0 0 0 1 1 1 0 0 1 1 1 0 0 0 1 0 0 0 1 0 0 0 1 1 1 1 1 0 1 0 1 0 0 0 1 0 0 1 1 1 1 0 0 1 1 1 0 0 1 0 1 0 0 0 0 0 0 0 1 0 0 0 0 0 0 0 0 0 0 0 0 0
2 7 42 66 0 0 1 0 0 0 0 1 0 0 1 1 1 1 1 1 1 1 1 1 0 0 1 0 0 0 0 1 0 0 0 1 1 1 0 0 1 1 1 0 0 0 1 0 0 0 0 0 0 0 1 1 1 1 1 0 0 0 0 0 0 0 1 0 0 0 1 0 0 0 0 1 1 1 1 1 1 1 1 0 0 0 0 0 0 0 1 0 0 0 0 0 0 0 0 1 1 1 0 0
2 7 42 66 0 0 1 0 0 0 0 1 0 0 1 1 1 1 1 1 1 1 1 1 0 0 1 0 0 0 0 1 0 0 0 1 1 1 0 0 1 1 1 0 0 0 1 0 0 0 0 1 0 0 1 1 1 1 1 0 0 1 0 1 0 0 1 0 0 0 1 1 1 1 0 1 1 1 0 0 0 1 0 1 0 0 0 0 0 0 0 1 0 0 0 0 0 0 0 0 0 0 0 0
2 7 42 67 0 0 1 0 0 0 0 1 0 0 1 1 1 1 1 1 1 1 1 1 0 0 1 0 0 0 0 1 0 0 0 1 1 1 0 0 1 1 1 0 0 0 1 0 0 0 0 0 0 0 1 1 1 1 1 0 0 0 0 0 0 0 1 0 0 0 0 1 0 0 0 1 1 1 0 1 1 1 1 1 0 0 0 0 0 0 0 1 0 0 0 0 0 0 0 0 1 1 1 0
2 7 42 68 0 0 1 0 0 0 0 1 0 0 1 1 1 1 1 1 1 1 1 1 0 0 1 0 0 0 0 1 0 0 0 1 1 1 0 0 1 1 1 0 0 0 1 0 0 0 0 1 0 0 1 1 1 1 1 1 0 1 0 0 0 0 1 0 0 1 1 1 1 0 0 1 1 1 0 1 0 1 0 0 0 0 0 0 0 0 0 1 0 0 0 0 0 0 0 0 0 0 0 0
2 7 42 69 0 0 1 0 0 0 0 1 0 0 1 1 1 1 1 1 1 1 1 1 0 0 1 0 0 0 0 1 0 0 0 1 1 1 0 0 1 1 1 0 0 0 1 0 0 0 0 0 1 0 1 1 1 1 1 0 1 0 1 0 0 0 1 0 0 0 1 1 1 1 0 1 1 1 0 0 1 0 1 0 0 0 0 0 0 0 0 0 1 0 0 0 0 0 0 0 0 0 0 0
2 7 42 74 0 0 1 0 0 0 0 1 0 0 1 1 1 1 1 1 1 1 1 1 0 0 1 0 0 0 0 1 0 0 0 1 1 1 0 0 1 1 1 0 0 0 1 0 0 0 0 0 0 0 1 1 1 1 1 1 0 0 0 0 0 0 1 0 0 1 0 1 0 0 0 1 1 1 1 1 1 1 0 0 0 0 0 0 0 1 0 1 0 0 0 0 0 0 0 1 0 0 0 0
2 7 42 75 0 0 1 0 0 0 0 1 0 0 1 1 1 1 1 1 1 1 1 1 0 0 1 0 0 0 0 1 0 0 0 1 1 1 0 0 1 1 1 0 0 0 1 0 1 1 1 0 0 0 1 1 1 1 1 1 0 0 0 0 0 0 1 1 1 1 1 1 0 0 0 1 1 1 0 1 0 0 0 0 0 0 0 0 0 0 0 0 0 0 0 0 0 0 0 0 0 0 0 0
2 7 42 75 0 0 1 0 0 0 0 1 0 0 1 1 1 1 1 1 1 1 1 1 0 0 1 0 0 0 0 1 0 0 0 1 1 1 0 0 1 1 1 0 0 0 1 0 0 0 0 0 0 0 1 1 1 1 1 0 1 0 0 0 0 0 1 0 0 0 1 0 1 0 0 1 1 1 0 1 1 1 1 0 0 0 0 0 0 0 1 0 1 0 0 0 0 0 0 0 1 0 0 0
2 7 42 76 0 0 1 0 0 0 0 1 0 0 1 1 1 1 1 1 1 1 1 1 0 0 1 0 0 0 0 1 0 0 0 1 1 1 0 0 1 1 1 0 0 0 1 0 0 1 1 1 0 0 1 1 1 1 1 0 1 0 0 0 0 0 1 0 1 1 1 1 1 0 0 1 1 1 0 0 1 0 0 0 0 0 0 0 0 0 0 0 0 0 0 0 0 0 0 0 0 0 0 0
2 7 42 76 0 0 1 0 0 0 0 1 0 0 1 1 1 1 1 1 1 1 1 1 0 0 1 0 0 0 0 1 0 0 0 1 1 1 0 0 1 1 1 0 0 0 1 0 0 0 0 0 0 0 1 1 1 1 1 0 0 1 0 0 0 0 1 0 0 0 0 1 0 1 0 1 1 1 0 0 1 1 1 1 0 0 0 0 0 0 0 1 0 1 0 0 0 0 0 0 0 1 0 0
2 7 42 77 0 0 1 0 0 0 0 1 0 0 1 1 1 1 1 1 1 1 1 1 0 0 1 0 0 0 0 1 0 0 0 1 1 1 0 0 1 1 1 0 0 0 1 0 0 0 0 0 0 0 1 1 1 1 1 0 1 0 0 0 0 0 1 0 1 0 1 0 0 0 0 1 1 1 1 1 1 1 0 0 0 0 0 0 1 0 1 0 0 0 0 0 0 0 0 0 1 0 0 0
2 7 42 77 0 0 1 0 0 0 0 1 0 0 1 1 1 1 1 1 1 1 1 1 0 0 1 0 0 0 0 1 0 0 0 1 1 1 0 0 1 1 1 0 0 0 1 0 0 0 1 1 1 0 1 1 1 1 1 0 0 1 0 0 0 0 1 0 0 1 1 1 1 1 0 1 1 1 0 0 0 1 0 0 0 0 0 0 0 0 0 0 0 0 0 0 0 0 0 0 0 0 0 0
2 7 42 78 0 0 1 0 0 0 0 1 0 0 1 1 1 1 1 1 1 1 1 1 0 0 1 0 0 0 0 1 0 0 0 1 1 1 0 0 1 1 1 0 0 0 1 0 0 0 0 0 0 0 1 1 1 1 1 0 0 1 0 0 0 0 1 0 0 1 0 1 0 0 0 1 1 1 0 1 1 1 1 0 0 0 0 0 0 1 0 1 0 0 0 0 0 0 0 0 0 1 0 0
2 7 42 79 0 0 1 0 0 0 0 1 0 0 1 1 1 1 1 1 1 1 1 1 0 0 1 0 0 0 0 1 0 0 0 1 1 1 0 0 1 1 1 0 0 0 1 0 0 0 0 0 0 0 1 1 1 1 1 0 0 0 1 0 0 0 1 0 0 0 1 0 1 0 0 1 1 1 0 0 1 1 1 1 0 0 0 0 0 0 1 0 1 0 0 0 0 0 0 0 0 0 1 0
2 7 42 86 0 0 1 0 0 0 0 1 0 0 1 1 1 1 1 1 1 1 1 1 0 0 1 0 0 0 0 1 0 0 0 1 1 1 0 0 1 1 1 0 0 0 1 0 0 0 0 0 0 0 1 1 1 1 1 1 1 1 0 0 0 0 1 0 0 0 1 0 0 0 0 1 1 1 1 1 1 1 1 0 0 0 0 0 0 0 1 0 0 0 0 0 0 0 0 0 0 0 0 0
2 7 42 87 0 0 1 0 0 0 0 1 0 0 1 1 1 1 1 1 1 1 1 1 0 0 1 0 0 0 0 1 0 0 0 1 1 1 0 0 1 1 1 0 0 0 1 0 0 0 0 0 0 0 1 1 1 1 1 0 1 1 1 0 0 0 1 0 0 0 0 1 0 0 0 1 1 1 0 1 1 1 1 1 0 0 0 0 0 0 0 1 0 0 0 0 0 0 0 0 0 0 0 0
2 7 42 94 0 0 1 0 0 0 0 1 0 0 1 1 1 1 1 1 1 1 1 1 0 0 1 0 0 0 0 1 0 0 0 1 1 1 0 0 1 1 1 0 0 0 1 0 0 0 0 0 0 0 1 1 1 1 1 0 0 0 0 0 0 0 1 1 1 1 0 0 0 0 0 1 1 1 1 0 0 0 0 0 0 0 1 1 1 1 1 0 0 0 0 0 0 0 1 0 0 0 0 0
2 7 42 95 0 0 1 0 0 0 0 1 0 0 1 1 1 1 1 1 1 1 1 1 0 0 1 0 0 0 0 1 0 0 0 1 1 1 0 0 1 1 1 0 0 0 1 0 0 0 0 0 0 0 1 1 1 1 1 0 0 0 0 0 0 0 1 0 1 1 1 0 0 0 0 1 1 1 0 1 0 0 0 0 0 0 0 1 1 1 1 1 0 0 0 0 0 0 0 1 0 0 0 0
2 7 42 96 0 0 1 0 0 0 0 1 0 0 1 1 1 1 1 1 1 1 1 1 0 0 1 0 0 0 0 1 0 0 0 1 1 1 0 0 1 1 1 0 0 0 1 0 0 0 0 0 0 0 1 1 1 1 1 0 0 0 0 0 0 0 1 0 0 1 1 1 0 0 0 1 1 1 0 0 1 0 0 0 0 0 0 0 1 1 1 1 1 0 0 0 0 0 0 0 1 0 0 0
2 7 42 97 0 0 1 0 0 0 0 1 0 0 1 1 1 1 1 1 1 1 1 1 0 0 1 0 0 0 0 1 0 0 0 1 1 1 0 0 1 1 1 0 0 0 1 0 0 0 0 0 0 0 1 1 1 1 1 0 0 0 0 0 0 0 1 0 0 0 1 1 1 0 0 1 1 1 0 0 0 1 0 0 0 0 0 0 0 1 1 1 1 1 0 0 0 0 0 0 0 1 0 0
2 7 43 56 0 0 1 0 0 0 0 1 0 0 1 1 1 1 1 1 1 1 1 1 0 0 1 0 0 0 0 1 0 0 0 1 1 1 0 0 1 1 1 0 0 0 0 1 0 0 0 0 0 0 0 1 1 1 1 1 1 0 0 0 0 0 0 1 1 1 1 1 1 0 0 0 1 1 1 0 1 0 0 0 0 0 0 0 0 1 1 1 0 0 0 0 0 0 0 0 0 0 0 0
2 7 43 57 0 0 1 0 0 0 0 1 0 0 1 1 1 1 1 1 1 1 1 1 0 0 1 0 0 0 0 1 0 0 0 1 1 1 0 0 1 1 1 0 0 0 0 1 0 0 0 0 0 0 0 1 1 1 1 1 0 1 0 0 0 0 0 1 0 1 1 1 1 1 0 0 1 1 1 0 0 1 0 0 0 0 0 0 0 0 1 1 1 0 0 0 0 0 0 0 0 0 0 0
2 7 43 65 0 0 1 0 0 0 0 1 0 0 1 1 1 1 1 1 1 1 1 1 0 0 1 0 0 0 0 1 0 0 0 1 1 1 0 0 1 1 1 0 0 0 0 1 0 0 1 0 0 0 0 1 1 1 1 1 1 0 1 0 0 0 0 1 0 1 1 1 1 0 0 0 1 1 1 0 1 0 1 0 0 0 0 0 0 0 1 0 0 0 0 0 0 0 0 0 0 0 0 0
2 7 43 66 0 0 1 0 0 0 0 1 0 0 1 1 1 1 1 1 1 1 1 1 0 0 1 0 0 0 0 1 0 0 0 1 1 1 0 0 1 1 1 0 0 0 0 1 0 0 0 1 0 0 0 1 1 1 1 1 0 1 0 1 0 0 0 1 0 0 1 1 1 1 0 0 1 1 1 0 0 1 0 1 0 0 0 0 0 0 0 1 0 0 0 0 0 0 0 0 0 0 0 0
2 7 43 67 0 0 1 0 0 0 0 1 0 0 1 1 1 1 1 1 1 1 1 1 0 0 1 0 0 0 0 1 0 0 0 1 1 1 0 0 1 1 1 0 0 0 0 1 0 0 0 0 0 0 0 1 1 1 1 1 0 0 0 0 0 0 0 1 0 0 0 1 0 0 0 0 1 1 1 1 1 1 1 1 0 0 0 0 0 0 0 1 0 0 0 0 0 0 0 0 1 1 1 0
2 7 43 69 0 0 1 0 0 0 0 1 0 0 1 1 1 1 1 1 1 1 1 1 0 0 1 0 0 0 0 1 0 0 0 1 1 1 0 0 1 1 1 0 0 0 0 1 0 0 0 0 1 0 0 1 1 1 1 1 1 0 1 0 0 0 0 1 0 0 1 1 1 1 0 0 1 1 1 0 1 0 1 0 0 0 0 0 0 0 0 0 1 0 0 0 0 0 0 0 0 0 0 0
2 7 43 75 0 0 1 0 0 0 0 1 0 0 1 1 1 1 1 1 1 1 1 1 0 0 1 0 0 0 0 1 0 0 0 1 1 1 0 0 1 1 1 0 0 0 0 1 0 0 0 0 0 0 0 1 1 1 1 1 1 0 0 0 0 0 0 1 0 0 1 0 1 0 0 0 1 1 1 1 1 1 1 0 0 0 0 0 0 0 1 0 1 0 0 0 0 0 0 0 1 0 0 0
2 7 43 76 0 0 1 0 0 0 0 1 0 0 1 1 1 1 1 1 1 1 1 1 0 0 1 0 0 0 0 1 0 0 0 1 1 1 0 0 1 1 1 0 0 0 0 1 0 1 1 1 0 0 0 1 1 1 1 1 1 0 0 0 0 0 0 1 1 1 1 1 1 0 0 0 1 1 1 0 1 0 0 0 0 0 0 0 0 0 0 0 0 0 0 0 0 0 0 0 0 0 0 0
2 7 43 76 0 0 1 0 0 0 0 1 0 0 1 1 1 1 1 1 1 1 1 1 0 0 1 0 0 0 0 1 0 0 0 1 1 1 0 0 1 1 1 0 0 0 0 1 0 0 0 0 0 0 0 1 1 1 1 1 0 1 0 0 0 0 0 1 0 0 0 1 0 1 0 0 1 1 1 0 1 1 1 1 0 0 0 0 0 0 0 1 0 1 0 0 0 0 0 0 0 1 0 0
2 7 43 77 0 0 1 0 0 0 0 1 0 0 1 1 1 1 1 1 1 1 1 1 0 0 1 0 0 0 0 1 0 0 0 1 1 1 0 0 1 1 1 0 0 0 0 1 0 0 1 1 1 0 0 1 1 1 1 1 0 1 0 0 0 0 0 1 0 1 1 1 1 1 0 0 1 1 1 0 0 1 0 0 0 0 0 0 0 0 0 0 0 0 0 0 0 0 0 0 0 0 0 0
2 7 43 78 0 0 1 0 0 0 0 1 0 0 1 1 1 1 1 1 1 1 1 1 0 0 1 0 0 0 0 1 0 0 0 1 1 1 0 0 1 1 1 0 0 0 0 1 0 0 0 0 0 0 0 1 1 1 1 1 0 1 0 0 0 0 0 1 0 1 0 1 0 0 0 0 1 1 1 1 1 1 1 0 0 0 0 0 0 1 0 1 0 0 0 0 0 0 0 0 0 1 0 0
2 7 43 79 0 0 1 0 0 0 0 1 0 0 1 1 1 1 1 1 1 1 1 1 0 0 1 0 0 0 0 1 0 0 0 1 1 1 0 0 1 1 1 0 0 0 0 1 0 0 0 0 0 0 0 1 1 1 1 1 0 0 1 0 0 0 0 1 0 0 1 0 1 0 0 0 1 1 1 0 1 1 1 1 0 0 0 0 0 0 1 0 1 0 0 0 0 0 0 0 0 0 1 0
2 7 43 87 0 0 1 0 0 0 0 1 0 0 1 1 1 1 1 1 1 1 1 1 0 0 1 0 0 0 0 1 0 0 0 1 1 1 0 0 1 1 1 0 0 0 0 1 0 0 0 0 0 0 0 1 1 1 1 1 1 1 1 0 0 0 0 1 0 0 0 1 0 0 0 0 1 1 1 1 1 1 1 1 0 0 0 0 0 0 0 1 0 0 0 0 0 0 0 0 0 0 0 0
2 7 43 95 0 0 1 0 0 0 0 1 0 0 1 1 1 1 1 1 1 1 1 1 0 0 1 0 0 0 0 1 0 0 0 1 1 1 0 0 1 1 1 0 0 0 0 1 0 0 0 0 0 0 0 1 1 1 1 1 0 0 0 0 0 0 0 1 1 1 1 0 0 0 0 0 1 1 1 1 0 0 0 0 0 0 0 1 1 1 1 1 0 0 0 0 0 0 0 1 0 0 0 0
2 7 43 96 0 0 1 0 0 0 0 1 0 0 1 1 1 1 1 1 1 1 1 1 0 0 1 0 0 0 0 1 0 0 0 1 1 1 0 0 1 1 1 0 0 0 0 1 0 0 0 0 0 0 0 1 1 1 1 1 0 0 0 0 0 0 0 1 0 1 1 1 0 0 0 0 1 1 1 0 1 0 0 0 0 0 0 0 1 1 1 1 1 0 0 0 0 0 0 0 1 0 0 0
2 7 43 97 0 0 1 0 0 0 0 1 0 0 1 1 1 1 1 1 1 1 1 1 0 0 1 0 0 0 0 1 0 0 0 1 1 1 0 0 1 1 1 0 0 0 0 1 0 0 0 0 0 0 0 1 1 1 1 1 0 0 0 0 0 0 0 1 0 0 1 1 1 0 0 0 1 1 1 0 0 1 0 0 0 0 0 0 0 1 1 1 1 1 0 0 0 0 0 0 0 1 0 0
2 7 44 57 0 0 1 0 0 0 0 1 0 0 1 1 1 1 1 1 1 1 1 1 0 0 1 0 0 0 0 1 0 0 0 1 1 1 0 0 1 1 1 0 0 0 0 0 1 0 0 0 0 0 0 0 1 1 1 1 1 1 0 0 0 0 0 0 1 1 1 1 1 1 0 0 0 1 1 1 0 1 0 0 0 0 0 0 0 0 1 1 1 0 0 0 0 0 0 0 0 0 0 0
2 7 44 66 0 0 1 0 0 0 0 1 0 0 1 1 1 1 1 1 1 1 1 1 0 0 1 0 0 0 0 1 0 0 0 1 1 1 0 0 1 1 1 0 0 0 0 0 1 0 0 1 0 0 0 0 1 1 1 1 1 1 0 1 0 0 0 0 1 0 1 1 1 1 0 0 0 1 1 1 0 1 0 1 0 0 0 0 0 0 0 1 0 0 0 0 0 0 0 0 0 0 0 0
2 7 44 76 0 0 1 0 0 0 0 1 0 0 1 1 1 1 1 1 1 1 1 1 0 0 1 0 0 0 0 1 0 0 0 1 1 1 0 0 1 1 1 0 0 0 0 0 1 0 0 0 0 0 0 0 1 1 1 1 1 1 0 0 0 0 0 0 1 0 0 1 0 1 0 0 0 1 1 1 1 1 1 1 0 0 0 0 0 0 0 1 0 1 0 0 0 0 0 0 0 1 0 0
2 7 44 77 0 0 1 0 0 0 0 1 0 0 1 1 1 1 1 1 1 1 1 1 0 0 1 0 0 0 0 1 0 0 0 1 1 1 0 0 1 1 1 0 0 0 0 0 1 0 1 1 1 0 0 0 1 1 1 1 1 1 0 0 0 0 0 0 1 1 1 1 1 1 0 0 0 1 1 1 0 1 0 0 0 0 0 0 0 0 0 0 0 0 0 0 0 0 0 0 0 0 0 0
2 7 44 79 0 0 1 0 0 0 0 1 0 0 1 1 1 1 1 1 1 1 1 1 0 0 1 0 0 0 0 1 0 0 0 1 1 1 0 0 1 1 1 0 0 0 0 0 1 0 0 0 0 0 0 0 1 1 1 1 1 0 1 0 0 0 0 0 1 0 1 0 1 0 0 0 0 1 1 1 1 1 1 1 0 0 0 0 0 0 1 0 1 0 0 0 0 0 0 0 0 0 1 0
2 7 44 92 0 0 1 0 0 0 0 1 0 0 1 1 1 1 1 1 1 1 1 1 0 0 1 0 0 0 0 1 0 0 0 1 1 1 0 0 1 1 1 0 0 0 0 0 1 0 0 0 0 0 0 0 1 1 1 1 1 0 0 0 0 1 1 1 1 0 0 0 0 0 0 0 1 1 1 1 0 0 0 0 1 1 1 1 1 0 0 0 0 0 0 0 1 0 0 0 0 0 0 0
2 7 44 96 0 0 1 0 0 0 0 1 0 0 1 1 1 1 1 1 1 1 1 1 0 0 1 0 0 0 0 1 0 0 0 1 1 1 0 0 1 1 1 0 0 0 0 0 1 0 0 0 0 0 0 0 1 1 1 1 1 0 0 0 0 0 0 0 1 1 1 1 0 0 0 0 0 1 1 1 1 0 0 0 0 0 0 0 1 1 1 1 1 0 0 0 0 0 0 0 1 0 0 0
2 7 44 97 0 0 1 0 0 0 0 1 0 0 1 1 1 1 1 1 1 1 1 1 0 0 1 0 0 0 0 1 0 0 0 1 1 1 0 0 1 1 1 0 0 0 0 0 1 0 0 0 0 0 0 0 1 1 1 1 1 0 0 0 0 0 0 0 1 0 1 1 1 0 0 0 0 1 1 1 0 1 0 0 0 0 0 0 0 1 1 1 1 1 0 0 0 0 0 0 0 1 0 0
2 7 45 52 0 0 1 0 0 0 0 1 0 0 1 1 1 1 1 1 1 1 1 1 0 0 1 0 0 0 0 1 0 0 0 1 1 1 0 0 1 1 1 0 0 0 0 0 0 1 0 0 0 0 0 0 1 1 1 1 1 1 0 0 1 1 1 1 1 1 0 0 0 0 0 0 1 0 1 1 1 0 0 0 0 1 1 1 0 0 0 0 0 0 0 0 0 0 0 0 0 0 0 0
2 7 45 63 0 0 1 0 0 0 0 1 0 0 1 1 1 1 1 1 1 1 1 1 0 0 1 0 0 0 0 1 0 0 0 1 1 1 0 0 1 1 1 0 0 0 1 0 0 1 0 0 0 0 1 0 1 1 1 1 1 1 0 0 1 1 1 1 0 1 0 0 0 0 1 0 1 0 1 1 1 0 0 0 0 0 1 0 0 0 0 0 0 0 0 0 0 0 0 0 0 0 0 0
2 7 45 70 0 0 1 0 0 0 0 1 0 0 1 1 1 1 1 1 1 1 1 1 0 0 1 0 0 0 0 1 0 0 0 1 1 1 0 0 1 1 1 0 0 0 0 0 0 1 0 0 0 0 0 1 0 1 1 1 1 1 0 0 0 1 0 1 0 1 0 0 0 0 1 1 1 1 1 1 1 0 0 0 0 1 0 1 0 0 0 0 0 0 0 1 0 0 0 0 0 0 0 0
2 7 45 72 0 0 1 0 0 0 0 1 0 0 1 1 1 1 1 1 1 1 1 1 0 0 1 0 0 0 0 1 0 0 0 1 1 1 0 0 1 1 1 0 0 1 1 1 0 1 0 0 0 0 0 0 1 1 1 1 1 1 0 0 1 1 1 1 1 1 0 0 0 0 0 0 1 0 1 1 1 0 0 0 0 0 0 0 0 0 0 0 0 0 0 0 0 0 0 0 0 0 0 0
2 7 45 73 0 0 1 0 0 0 0 1 0 0 1 1 1 1 1 1 1 1 1 1 0 0 1 0 0 0 0 1 0 0 0 1 1 1 0 0 1 1 1 0 0 0 0 0 0 1 0 0 0 0 0 0 1 1 1 1 1 1 0 0 1 0 1 0 0 1 0 0 0 0 1 1 1 1 1 1 1 0 0 0 1 0 1 0 0 0 0 0 0 0 0 0 1 0 0 0 0 0 0 0
2 7 45 92 0 0 1 0 0 0 0 1 0 0 1 1 1 1 1 1 1 1 1 1 0 0 1 0 0 0 0 1 0 0 0 1 1 1 0 0 1 1 1 0 0 0 0 0 0 1 0 0 0 0 0 0 0 1 1 1 1 1 0 0 0 1 1 1 0 1 0 0 0 0 0 0 1 0 1 1 1 0 0 0 1 1 1 1 1 0 0 0 0 0 0 0 1 0 0 0 0 0 0 0
2 7 45 93 0 0 1 0 0 0 0 1 0 0 1 1 1 1 1 1 1 1 1 1 0 0 1 0 0 0 0 1 0 0 0 1 1 1 0 0 1 1 1 0 0 0 0 0 0 1 0 0 0 0 0 0 0 1 1 1 1 1 0 0 0 0 1 1 1 1 0 0 0 0 0 0 0 1 1 1 1 0 0 0 0 1 1 1 1 1 0 0 0 0 0 0 0 1 0 0 0 0 0 0
2 7 45 97 0 0 1 0 0 0 0 1 0 0 1 1 1 1 1 1 1 1 1 1 0 0 1 0 0 0 0 1 0 0 0 1 1 1 0 0 1 1 1 0 0 0 0 0 0 1 0 0 0 0 0 0 0 1 1 1 1 1 0 0 0 0 0 0 0 1 1 1 1 0 0 0 0 0 1 1 1 1 0 0 0 0 0 0 0 1 1 1 1 1 0 0 0 0 0 0 0 1 0 0
2 7 46 52 0 0 1 0 0 0 0 1 0 0 1 1 1 1 1 1 1 1 1 1 0 0 1 0 0 0 0 1 0 0 0 1 1 1 0 0 1 1 1 0 0 0 0 0 0 0 1 0 0 0 0 0 1 0 1 1 1 1 1 0 1 1 1 1 1 0 1 0 0 0 0 0 1 0 0 1 1 1 0 0 0 1 1 1 0 0 0 0 0 0 0 0 0 0 0 0 0 0 0 0
2 7 46 53 0 0 1 0 0 0 0 1 0 0 1 1 1 1 1 1 1 1 1 1 0 0 1 0 0 0 0 1 0 0 0 1 1 1 0 0 1 1 1 0 0 0 0 0 0 0 1 0 0 0 0 0 0 1 1 1 1 1 1 0 0 1 1 1 1 1 1 0 0 0 0 0 0 1 0 1 1 1 0 0 0 0 1 1 1 0 0 0 0 0 0 0 0 0 0 0 0 0 0 0
2 7 46 60 0 0 1 0 0 0 0 1 0 0 1 1 1 1 1 1 1 1 1 1 0 0 1 0 0 0 0 1 0 0 0 1 1 1 0 0 1 1 1 0 0 1 0 0 0 0 1 0 0 0 0 1 0 1 1 1 1 1 1 0 1 1 1 1 0 0 1 0 0 0 0 1 0 1 0 1 1 1 0 0 0 1 0 0 0 0 0 0 0 0 0 0 0 0 0 0 0 0 0 0
2 7 46 62 0 0 1 0 0 0 0 1 0 0 1 1 1 1 1 1 1 1 1 1 0 0 1 0 0 0 0 1 0 0 0 1 1 1 0 0 1 1 1 0 0 0 0 0 0 0 1 0 0 0 0 0 0 0 1 1 1 1 1 0 0 0 1 0 0 0 1 0 0 0 1 1 1 1 1 1 1 1 0 0 0 0 1 0 0 0 0 0 0 0 0 1 1 1 0 0 0 0 0 0
2 7 46 63 0 0 1 0 0 0 0 1 0 0 1 1 1 1 1 1 1 1 1 1 0 0 1 0 0 0 0 1 0 0 0 1 1 1 0 0 1 1 1 0 0 0 1 0 0 0 1 0 0 0 1 0 1 0 1 1 1 1 1 0 1 1 1 1 0 0 1 0 0 0 1 0 1 0 0 1 1 1 0 0 0 0 1 0 0 0 0 0 0 0 0 0 0 0 0 0 0 0 0 0
2 7 46 64 0 0 1 0 0 0 0 1 0 0 1 1 1 1 1 1 1 1 1 1 0 0 1 0 0 0 0 1 0 0 0 1 1 1 0 0 1 1 1 0 0 0 0 1 0 0 1 0 0 0 0 1 0 1 1 1 1 1 1 0 0 1 1 1 1 0 1 0 0 0 0 1 0 1 0 1 1 1 0 0 0 0 0 1 0 0 0 0 0 0 0 0 0 0 0 0 0 0 0 0
2 7 46 70 0 0 1 0 0 0 0 1 0 0 1 1 1 1 1 1 1 1 1 1 0 0 1 0 0 0 0 1 0 0 0 1 1 1 0 0 1 1 1 0 0 0 0 0 0 0 1 0 0 0 0 1 0 0 1 1 1 1 1 0 0 1 0 1 0 0 1 0 0 0 1 1 1 1 0 1 1 1 0 0 0 1 0 1 0 0 0 0 0 0 0 1 0 0 0 0 0 0 0 0
2 7 46 71 0 0 1 0 0 0 0 1 0 0 1 1 1 1 1 1 1 1 1 1 0 0 1 0 0 0 0 1 0 0 0 1 1 1 0 0 1 1 1 0 0 0 0 0 0 0 1 0 0 0 0 0 1 0 1 1 1 1 1 0 0 0 1 0 1 0 1 0 0 0 0 1 1 1 1 1 1 1 0 0 0 0 1 0 1 0 0 0 0 0 0 0 1 0 0 0 0 0 0 0
2 7 46 72 0 0 1 0 0 0 0 1 0 0 1 1 1 1 1 1 1 1 1 1 0 0 1 0 0 0 0 1 0 0 0 1 1 1 0 0 1 1 1 0 0 1 1 1 0 0 1 0 0 0 0 0 1 0 1 1 1 1 1 0 1 1 1 1 1 0 1 0 0 0 0 0 1 0 0 1 1 1 0 0 0 0 0 0 0 0 0 0 0 0 0 0 0 0 0 0 0 0 0 0
2 7 46 73 0 0 1 0 0 0 0 1 0 0 1 1 1 1 1 1 1 1 1 1 0 0 1 0 0 0 0 1 0 0 0 1 1 1 0 0 1 1 1 0 0 0 0 0 0 0 1 0 0 0 0 0 1 0 1 1 1 1 1 0 1 0 1 0 0 0 1 0 0 0 1 1 1 1 0 1 1 1 0 0 1 0 1 0 0 0 0 0 0 0 0 0 1 0 0 0 0 0 0 0
2 7 46 73 0 0 1 0 0 0 0 1 0 0 1 1 1 1 1 1 1 1 1 1 0 0 1 0 0 0 0 1 0 0 0 1 1 1 0 0 1 1 1 0 0 0 1 1 1 0 1 0 0 0 0 0 0 1 1 1 1 1 1 0 0 1 1 1 1 1 1 0 0 0 0 0 0 1 0 1 1 1 0 0 0 0 0 0 0 0 0 0 0 0 0 0 0 0 0 0 0 0 0 0
2 7 46 74 0 0 1 0 0 0 0 1 0 0 1 1 1 1 1 1 1 1 1 1 0 0 1 0 0 0 0 1 0 0 0 1 1 1 0 0 1 1 1 0 0 0 0 0 0 0 1 0 0 0 0 0 0 1 1 1 1 1 1 0 0 1 0 1 0 0 1 0 0 0 0 1 1 1 1 1 1 1 0 0 0 1 0 1 0 0 0 0 0 0 0 0 0 1 0 0 0 0 0 0
2 7 46 82 0 0 1 0 0 0 0 1 0 0 1 1 1 1 1 1 1 1 1 1 0 0 1 0 0 0 0 1 0 0 0 1 1 1 0 0 1 1 1 0 0 0 0 0 0 0 1 0 0 0 0 1 1 1 1 1 1 1 1 0 0 0 1 0 0 0 1 0 0 0 1 1 1 1 1 1 1 1 0 0 0 0 1 0 0 0 0 0 0 0 0 0 0 0 0 0 0 0 0 0
